1416115567.360046, 3.049853, 2.785924
1416115567.361101, 3.054741, 2.805474
1416115567.362054, 3.054741, 2.438905
1416115567.362958, 3.132942, 1.725318
1416115567.363894, 3.030303, 3.103617
1416115567.364865, 3.044966, 2.629521
1416115567.365801, 3.044966, 2.800587
1416115567.366726, 3.044966, 2.673509
1416115567.367651, 3.074291, 1.681329
1416115567.368600, 3.020528, 3.152493
1416115567.370113, 3.035191, 2.697947
1416115567.371108, 3.035191, 2.697947
1416115567.380830, 3.015640, 2.624633
1416115567.529063, 3.030303, 2.693060
1416115567.679064, 3.030303, 2.790811
1416115567.866224, 3.015640, 2.898338
1416115568.016278, 3.025415, 2.815249
1416115568.129529, 3.010753, 2.360704
1416115568.278992, 3.020528, 2.150538
1416115568.429085, 3.020528, 3.015640
1416115568.617104, 3.015640, 2.781036
1416115568.766693, 3.015640, 2.898338
1416115568.916165, 3.015640, 2.688172
1416115569.066016, 3.015640, 2.707722
1416115569.215927, 3.113392, 1.862170
1416115569.328737, 2.996090, 3.352884
1416115569.516191, 3.005865, 2.937439
1416115569.665963, 3.010753, 2.864125
1416115569.778889, 2.991202, 2.370479
1416115569.928664, 3.005865, 2.404692
1416115570.079282, 3.005865, 2.781036
1416115570.229698, 3.000978, 2.849462
1416115570.415964, 3.000978, 2.766373
1416115570.565880, 3.000978, 2.878788
1416115570.715952, 3.005865, 2.800587
1416115570.866792, 3.113392, 1.774194
1416115571.015830, 2.981427, 2.991202
1416115571.165770, 3.000978, 2.839687
1416115571.315709, 3.000978, 2.849462
1416115571.466207, 3.005865, 2.771261
1416115571.616152, 3.113392, 1.793744
1416115571.729086, 2.991202, 3.059629
1416115571.915996, 3.010753, 2.629521
1416115572.066712, 3.010753, 2.976540
1416115572.216087, 2.991202, 2.541544
1416115572.329010, 3.010753, 2.732160
1416115572.478937, 3.010753, 2.898338
1416115572.665646, 3.010753, 2.839687
1416115572.815284, 3.015640, 2.913001
1416115572.965773, 3.015640, 2.908113
1416115573.116020, 3.020528, 1.935484
1416115573.265570, 3.088954, 1.700880
1416115573.380150, 2.996090, 3.010753
1416115573.565713, 3.015640, 2.629521
1416115573.715425, 3.015640, 2.746823
1416115573.866108, 2.996090, 2.502444
1416115574.053520, 3.005865, 2.297165
1416115574.128607, 3.010753, 2.521994
1416115574.316553, 3.005865, 2.834800
1416115574.466070, 3.010753, 2.663734
1416115574.615446, 3.010753, 2.981427
1416115574.765404, 3.010753, 2.453568
1416115574.915257, 3.137830, 2.116325
1416115575.028175, 2.991202, 3.088954
1416115575.215390, 3.010753, 2.355816
1416115575.366129, 3.015640, 2.614858
1416115575.478605, 3.000978, 2.419355
1416115575.629345, 3.010753, 2.248289
1416115575.778180, 3.010753, 3.005865
1416115575.965892, 3.005865, 2.717498
1416115576.115869, 3.005865, 2.746823
1416115576.266697, 3.005865, 2.878788
1416115576.415815, 3.010753, 2.512219
1416115576.565691, 3.103617, 1.700880
1416115576.715672, 2.996090, 3.010753
1416115576.865852, 3.015640, 2.727273
1416115577.052860, 3.020528, 2.737048
1416115577.128525, 3.000978, 2.272727
1416115577.278266, 3.020528, 2.609971
1416115577.428804, 3.020528, 2.839687
1416115577.615316, 3.025415, 2.785924
1416115577.765277, 3.025415, 2.781036
1416115577.915842, 3.035191, 2.634409
1416115578.102663, 3.040078, 2.399804
1416115578.215450, 3.147605, 1.911046
1416115578.328311, 3.020528, 3.147605
1416115578.516100, 3.035191, 2.869013
1416115578.665911, 3.040078, 2.737048
1416115578.778551, 3.020528, 2.624633
1416115578.965516, 3.040078, 2.668622
1416115579.078475, 3.035191, 2.873900
1416115579.265595, 3.040078, 2.678397
1416115579.415499, 3.040078, 3.211144
1416115579.565421, 3.044966, 2.927664
1416115579.715166, 3.049853, 2.683284
1416115579.865149, 3.128055, 1.837732
1416115580.015791, 3.049853, 2.116325
1416115580.165949, 3.044966, 2.644184
1416115580.316011, 3.044966, 2.888563
1416115580.502864, 3.044966, 2.903226
1416115580.691546, 3.044966, 2.917889
1416115580.877379, 3.049853, 2.360704
1416115580.952596, 3.049853, 2.741935
1416115581.102885, 3.196481, 1.735093
1416115581.216005, 3.020528, 3.367546
1416115581.402792, 3.044966, 2.693060
1416115581.552893, 3.049853, 2.839687
1416115581.665665, 3.040078, 2.512219
1416115581.815284, 3.059629, 3.000978
1416115582.078103, 3.069404, 2.766373
1416115582.152761, 3.074291, 2.873900
1416115582.302687, 3.074291, 2.961877
1416115582.452705, 3.084066, 2.834800
1416115582.602325, 3.084066, 2.482893
1416115582.752383, 3.167155, 1.744868
1416115582.865263, 3.059629, 3.128055
1416115583.052433, 3.074291, 2.834800
1416115583.202351, 3.074291, 3.098729
1416115583.315205, 3.054741, 2.287390
1416115583.465697, 3.074291, 2.228739
1416115583.615581, 3.074291, 2.541544
1416115583.802683, 3.079179, 2.756598
1416115583.952744, 3.084066, 2.678397
1416115584.102397, 3.088954, 2.649071
1416115584.253064, 3.088954, 2.595308
1416115584.402859, 3.230694, 1.568915
1416115584.515658, 3.064516, 3.176931
1416115584.703021, 3.084066, 2.453568
1416115584.852251, 3.084066, 2.820137
1416115584.965472, 3.064516, 2.556207
1416115585.115258, 3.079179, 2.600196
1416115585.265179, 3.079179, 2.795699
1416115585.452492, 3.074291, 2.756598
1416115585.602262, 3.079179, 2.673509
1416115585.752471, 3.084066, 2.605083
1416115585.902161, 3.084066, 2.512219
1416115586.052688, 3.176931, 1.725318
1416115586.167128, 3.059629, 3.250244
1416115586.352660, 3.079179, 2.688172
1416115586.540454, 3.079179, 2.722385
1416115586.652566, 3.079179, 2.693060
1416115586.839868, 3.079179, 1.959922
1416115586.952430, 3.152493, 1.852395
1416115587.065440, 3.054741, 3.132942
1416115587.252176, 3.074291, 2.673509
1416115587.402714, 3.074291, 2.829912
1416115587.552293, 3.074291, 2.658847
1416115587.740414, 3.128055, 1.842620
1416115587.816241, 3.049853, 3.035191
1416115588.002056, 3.064516, 2.815249
1416115588.152523, 3.064516, 2.776149
1416115588.266005, 3.044966, 2.434018
1416115588.417478, 3.059629, 2.170088
1416115588.565741, 3.059629, 2.619746
1416115588.752880, 3.054741, 3.035191
1416115588.902244, 3.054741, 2.795699
1416115589.089503, 3.049853, 2.781036
1416115589.202374, 3.054741, 2.727273
1416115589.352786, 3.186706, 1.788856
1416115589.465001, 3.025415, 3.084066
1416115589.652065, 3.040078, 2.746823
1416115589.802037, 3.044966, 2.947214
1416115589.952775, 3.025415, 2.492669
1416115590.065037, 3.040078, 2.619746
1416115590.215383, 3.044966, 2.839687
1416115590.402412, 3.049853, 3.044966
1416115590.552184, 3.054741, 2.790811
1416115590.702027, 3.064516, 2.707722
1416115590.852103, 3.074291, 2.673509
1416115591.002025, 3.172043, 1.945259
1416115591.152818, 3.079179, 2.043011
1416115591.302347, 3.079179, 2.448680
1416115591.452662, 3.084066, 2.663734
1416115591.639663, 3.088954, 2.961877
1416115591.789348, 3.093842, 2.751711
1416115591.939647, 3.093842, 2.825024
1416115592.089740, 3.098729, 2.531769
1416115592.239258, 3.220919, 1.632454
1416115592.352694, 3.074291, 3.152493
1416115592.539641, 3.093842, 2.561095
1416115592.699269, 3.093842, 2.717498
1416115592.802504, 3.069404, 2.546432
1416115592.952178, 3.088954, 2.605083
1416115593.102552, 3.084066, 3.025415
1416115593.289325, 3.084066, 2.844575
1416115593.440110, 3.084066, 2.800587
1416115593.552314, 3.064516, 2.375367
1416115593.702709, 3.079179, 2.380254
1416115593.890192, 3.079179, 2.781036
1416115594.040468, 3.074291, 2.927664
1416115594.190119, 3.074291, 2.913001
1416115594.339307, 3.074291, 2.913001
1416115594.489706, 3.079179, 2.781036
1416115594.640314, 3.220919, 1.666667
1416115594.789595, 3.054741, 3.220919
1416115594.902304, 3.054741, 2.512219
1416115595.052104, 3.142717, 2.326491
1416115595.164572, 3.049853, 3.152493
1416115595.352131, 3.074291, 2.526882
1416115595.501864, 3.079179, 2.575758
1416115595.651491, 3.084066, 2.859238
1416115595.801697, 3.123167, 1.598240
1416115595.914579, 3.064516, 3.020528
1416115596.139605, 3.079179, 2.595308
1416115596.252085, 3.093842, 2.556207
1416115596.402469, 3.074291, 2.321603
1416115596.514876, 3.093842, 2.434018
1416115596.664568, 3.103617, 2.790811
1416115596.851523, 3.108504, 2.751711
1416115597.039065, 3.113392, 2.741935
1416115597.151714, 3.113392, 2.800587
1416115597.301851, 3.118280, 2.673509
1416115597.452049, 3.211144, 1.974585
1416115597.564847, 3.088954, 3.352884
1416115597.751743, 3.108504, 2.732160
1416115597.902784, 3.103617, 3.196481
1416115598.014660, 3.084066, 2.600196
1416115598.164453, 3.103617, 2.653959
1416115598.314849, 3.098729, 2.908113
1416115598.501808, 3.098729, 2.917889
1416115598.651948, 3.093842, 2.785924
1416115598.764619, 3.142717, 2.101662
1416115598.913962, 3.074291, 2.991202
1416115599.064569, 3.088954, 2.717498
1416115599.214063, 3.093842, 2.732160
1416115599.364433, 3.093842, 2.507331
1416115599.514098, 3.172043, 2.282502
1416115599.627046, 3.069404, 3.201369
1416115599.815859, 3.093842, 2.639296
1416115599.965415, 3.084066, 2.888563
1416115600.077346, 3.069404, 2.551320
1416115600.226835, 3.088954, 2.639296
1416115600.377604, 3.088954, 2.864125
1416115600.563788, 3.088954, 2.839687
1416115600.713784, 3.093842, 2.805474
1416115600.863784, 3.103617, 2.707722
1416115601.013825, 3.108504, 1.959922
1416115601.164570, 3.181818, 1.593353
1416115601.277140, 3.088954, 3.044966
1416115601.464053, 3.098729, 2.668622
1416115601.613963, 3.098729, 2.800587
1416115601.764722, 3.103617, 2.707722
1416115601.914084, 3.181818, 1.725318
1416115602.026663, 3.074291, 3.216031
1416115602.213958, 3.084066, 2.825024
1416115602.364572, 3.084066, 2.810362
1416115602.477053, 3.064516, 2.517107
1416115602.626693, 3.084066, 2.561095
1416115602.778042, 3.088954, 2.756598
1416115602.963876, 3.093842, 2.942326
1416115603.113785, 3.098729, 2.917889
1416115603.263780, 3.108504, 2.614858
1416115603.414518, 3.113392, 2.673509
1416115603.563905, 3.191593, 2.311828
1416115603.677663, 3.088954, 3.211144
1416115603.864117, 3.113392, 2.619746
1416115604.051455, 3.118280, 2.810362
1416115604.126538, 3.098729, 2.179863
1416115604.277031, 3.123167, 2.331378
1416115604.464770, 3.128055, 2.932551
1416115604.614135, 3.137830, 2.761486
1416115604.764737, 3.147605, 2.653959
1416115604.913647, 3.147605, 2.859238
1416115605.064732, 3.157380, 2.693060
1416115605.214050, 3.313783, 1.730205
1416115605.326821, 3.142717, 3.147605
1416115605.551084, 3.167155, 2.658847
1416115605.664306, 3.172043, 3.069404
1416115605.814281, 3.152493, 2.888563
1416115605.965209, 3.172043, 2.609971
1416115606.114394, 3.167155, 2.873900
1416115606.263784, 3.172043, 2.761486
1416115606.451500, 3.172043, 2.820137
1416115606.564054, 3.172043, 2.756598
1416115606.713581, 3.172043, 2.639296
1416115606.863484, 3.284457, 1.715543
1416115606.976574, 3.137830, 3.035191
1416115607.163468, 3.152493, 2.751711
1416115607.314307, 3.152493, 2.688172
1416115607.464019, 3.147605, 2.209189
1416115607.613395, 3.206256, 1.891496
1416115607.726684, 3.123167, 3.245357
1416115607.876265, 3.118280, 2.565982
1416115608.026402, 3.181818, 1.383187
1416115608.139332, 3.093842, 3.098729
1416115608.327315, 3.103617, 2.526882
1416115608.515223, 3.103617, 2.600196
1416115608.626464, 3.084066, 2.267840
1416115608.776328, 3.113392, 2.746823
1416115608.888884, 3.118280, 2.737048
1416115609.076181, 3.118280, 2.688172
1416115609.227651, 3.128055, 2.756598
1416115609.376276, 3.128055, 2.663734
1416115609.526266, 3.128055, 2.712610
1416115609.676292, 3.201369, 1.554252
1416115609.826987, 3.098729, 1.906158
1416115610.013938, 3.093842, 2.487781
1416115610.126939, 3.088954, 2.668622
1416115610.313745, 3.088954, 2.663734
1416115610.464048, 3.088954, 2.536657
1416115610.613437, 3.093842, 2.585533
1416115610.726390, 3.142717, 2.438905
1416115610.876433, 3.088954, 2.018573
1416115611.027229, 3.093842, 2.375367
1416115611.176851, 3.108504, 2.668622
1416115611.364453, 3.123167, 2.585533
1416115611.514913, 3.123167, 2.746823
1416115611.626736, 3.108504, 2.663734
1416115611.776563, 3.132942, 2.526882
1416115611.926699, 3.137830, 2.614858
1416115612.113943, 3.137830, 2.878788
1416115612.301408, 3.142717, 2.160313
1416115612.489501, 3.147605, 3.313783
1416115612.563542, 3.147605, 1.402737
1416115612.713580, 3.216031, 1.505376
1416115612.863654, 3.118280, 3.391984
1416115613.013736, 3.137830, 2.810362
1416115613.201535, 3.142717, 2.893451
1416115613.276856, 3.113392, 2.091887
1416115613.426117, 3.128055, 2.590420
1416115613.576454, 3.128055, 2.653959
1416115613.727464, 3.128055, 0.000000
1416115613.912885, 3.132942, 0.000000
1416115614.100650, 3.196481, 0.000000
1416115614.139104, 3.123167, 0.000000
1416115614.326839, 3.142717, 0.000000
1416115614.551234, 3.142717, 0.000000
1416115614.625458, 3.152493, 0.000000
1416115614.812775, 3.152493, 1.133920
1416115615.075829, 3.206256, 4.604106
1416115615.226601, 3.142717, 4.613881
1416115615.264261, 3.137830, 4.618768
1416115615.413823, 3.128055, 4.628543
1416115615.563562, 3.137830, 4.628543
1416115615.712737, 3.137830, 4.628543
1416115615.826220, 3.123167, 4.628543
1416115615.977370, 3.137830, 4.628543
1416115616.126501, 3.137830, 4.633431
1416115616.313142, 3.137830, 4.628543
1416115616.463738, 3.137830, 4.169110
1416115616.612748, 3.142717, 0.488759
1416115616.763006, 3.147605, 4.638319
1416115616.913444, 3.240469, 4.604106
1416115617.025805, 3.123167, 3.015640
1416115617.213785, 3.142717, 2.453568
1416115617.400889, 3.147605, 1.402737
1416115617.476010, 3.123167, 0.000000
1416115617.625964, 3.147605, 0.004888
1416115617.850654, 3.152493, 1.451613
1416115617.963623, 3.152493, 0.000000
1416115618.112846, 3.152493, 0.000000
1416115618.263884, 3.132942, 0.000000
1416115618.451205, 3.147605, 4.638319
1416115618.564791, 3.147605, 4.628543
1416115618.677125, 3.147605, 1.329423
1416115618.938315, 3.147605, 0.000000
1416115619.013699, 3.147605, 0.000000
1416115619.125675, 3.123167, 0.483871
1416115619.388205, 3.147605, 4.608993
1416115619.463685, 3.147605, 4.618768
1416115619.688565, 3.142717, 3.343109
1416115619.762809, 3.118280, 0.000000
1416115619.912838, 3.113392, 0.997067
1416115620.064081, 3.118280, 4.628543
1416115620.212848, 3.216031, 4.599218
1416115620.325748, 3.098729, 4.613881
1416115620.513030, 3.118280, 0.161290
1416115620.662991, 3.118280, 2.038123
1416115620.813397, 3.123167, 3.900293
1416115621.076323, 3.157380, 1.867058
1416115621.151158, 3.113392, 3.558162
1416115621.302573, 3.137830, 4.613881
1416115621.413872, 3.142717, 1.524927
1416115621.526973, 3.123167, 2.624633
1416115621.676119, 3.147605, 3.641251
1416115621.825871, 3.147605, 3.211144
1416115622.013675, 3.147605, 2.458456
1416115622.200581, 3.157380, 2.121212
1416115622.501344, 3.167155, 0.000000
1416115622.613828, 3.172043, 1.524927
1416115622.651558, 3.362659, 4.604106
1416115622.763238, 3.152493, 0.000000
1416115622.913574, 3.172043, 0.000000
1416115623.101774, 3.176931, 0.000000
1416115623.214514, 3.152493, 4.604106
1416115623.326027, 3.176931, 4.618768
1416115623.476003, 3.196481, 4.623656
1416115623.662432, 3.206256, 4.613881
1416115623.812974, 3.216031, 2.717498
1416115623.963300, 3.225806, 4.623656
1416115624.112453, 3.230694, 4.623656
1416115624.263214, 3.308895, 4.623656
1416115624.412511, 3.211144, 4.633431
1416115624.638840, 3.230694, 4.628543
1416115624.751011, 3.235582, 1.891496
1416115624.862623, 3.230694, 4.633431
1416115625.012611, 3.343109, 4.604106
1416115625.162440, 3.201369, 4.623656
1416115625.351063, 3.216031, 3.553275
1416115625.462671, 3.216031, 2.756598
1416115625.613109, 3.216031, 2.937439
1416115625.762117, 3.308895, 2.497556
1416115625.876319, 3.181818, 2.468231
1416115626.175906, 3.196481, 0.000000
1416115626.213722, 3.196481, 0.000000
1416115626.399876, 3.196481, 0.000000
1416115626.776167, 3.167155, 4.638319
1416115627.113080, 3.206256, 4.628543
1416115627.262509, 3.191593, 4.638319
1416115627.376510, 3.186706, 4.638319
1416115627.564241, 3.186706, 0.669599
1416115628.087338, 3.172043, 0.000000
1416115628.125330, 3.172043, 2.556207
1416115628.314515, 3.250244, 1.764418
1416115628.500378, 3.152493, 1.652004
1416115628.651200, 3.176931, 2.130987
1416115628.800504, 3.176931, 2.448680
1416115628.838390, 3.167155, 1.021505
1416115628.914315, 3.250244, 2.365591
1416115628.987404, 3.191593, 3.040078
1416115629.025364, 3.162268, 1.827957
1416115629.101246, 3.152493, 2.434018
1416115629.176375, 3.157380, 2.194526
1416115629.250101, 3.343109, 1.388074
1416115629.325673, 3.132942, 2.741935
1416115629.363659, 3.142717, 2.663734
1416115629.589242, 3.147605, 3.284457
1416115629.850373, 3.132942, 1.984360
1416115630.187525, 3.142717, 2.223851
1416115630.489892, 3.147605, 2.424242
1416115630.525629, 3.147605, 2.653959
1416115630.638985, 3.152493, 2.370479
1416115630.787727, 3.157380, 2.390029
1416115630.826471, 3.157380, 1.959922
1416115631.050007, 3.211144, 2.057674
1416115631.126181, 3.132942, 3.538612
1416115631.163479, 3.147605, 2.785924
1416115631.239555, 3.147605, 2.385142
1416115631.387862, 3.123167, 3.084066
1416115631.427893, 3.147605, 2.468231
1416115631.575550, 3.147605, 2.419355
1416115631.762373, 3.152493, 2.223851
1416115631.950361, 3.147605, 3.646139
1416115632.174871, 3.132942, 2.468231
1416115632.250245, 3.152493, 2.341153
1416115632.325874, 3.157380, 2.697947
1416115632.476713, 3.162268, 3.123167
1416115632.662413, 3.172043, 3.225806
1416115632.812902, 3.186706, 2.952102
1416115632.962408, 3.196481, 2.903226
1416115633.151422, 3.240469, 2.434018
1416115633.226553, 3.191593, 3.352884
1416115633.412264, 3.181818, 2.693060
1416115633.561712, 3.201369, 3.367546
1416115633.712605, 3.181818, 2.419355
1416115633.899757, 3.196481, 2.463343
1416115634.087173, 3.196481, 2.829912
1416115634.311783, 3.196481, 2.810362
1416115634.349790, 3.196481, 2.878788
1416115634.462343, 3.191593, 2.678397
1416115634.611989, 3.196481, 2.688172
1416115634.761681, 3.313783, 1.705767
1416115634.875657, 3.172043, 3.162268
1416115635.061965, 3.186706, 2.741935
1416115635.249120, 3.186706, 2.624633
1416115635.399498, 3.191593, 2.834800
1416115635.553265, 3.191593, 1.930596
1416115635.661607, 3.377322, 1.510264
1416115635.774504, 3.167155, 2.888563
1416115636.074324, 3.181818, 2.771261
1416115636.112409, 3.186706, 2.678397
1416115636.337319, 3.157380, 2.781036
1416115636.413033, 3.181818, 2.292278
1416115636.525117, 3.172043, 2.805474
1416115637.086721, 3.172043, 2.468231
1416115637.275779, 3.181818, 2.394917
1416115637.351389, 3.181818, 2.487781
1416115637.461931, 3.186706, 2.121212
1416115637.649727, 3.264907, 1.754643
1416115637.687565, 3.167155, 2.966764
1416115637.799291, 3.181818, 3.269795
1416115637.838254, 3.191593, 2.233627
1416115638.024307, 3.167155, 2.785924
1416115638.063239, 3.069404, 3.538612
1416115638.211696, 3.069404, 2.942326
1416115638.362585, 3.064516, 2.751711
1416115638.738284, 3.030303, 2.991202
1416115638.776199, 3.074291, 1.974585
1416115638.851846, 3.103617, 1.955034
1416115639.187167, 3.304008, 1.823069
1416115639.263332, 3.098729, 3.191593
1416115639.413019, 3.108504, 2.370479
1416115639.488644, 3.103617, 2.761486
1416115639.637120, 3.079179, 2.673509
1416115639.674654, 3.103617, 2.761486
1416115639.861717, 3.103617, 2.805474
1416115640.011859, 3.103617, 2.639296
1416115640.200123, 3.103617, 3.225806
1416115640.275323, 3.084066, 1.695992
1416115640.425031, 3.098729, 2.600196
1416115640.613418, 3.098729, 2.585533
1416115640.800271, 3.093842, 2.947214
1416115640.913658, 3.098729, 2.385142
1416115641.065632, 3.098729, 2.800587
1416115641.175335, 3.079179, 2.815249
1416115641.363375, 3.108504, 2.424242
1416115641.475162, 3.108504, 3.040078
1416115641.738771, 3.123167, 2.697947
1416115641.812558, 3.132942, 2.649071
1416115642.037721, 3.137830, 2.947214
1416115642.149415, 3.152493, 1.720430
1416115642.261828, 3.235582, 2.091887
1416115642.376218, 3.137830, 3.484848
1416115642.674540, 3.162268, 2.727273
1416115642.712437, 3.167155, 2.722385
1416115642.974861, 3.147605, 2.517107
1416115643.162836, 3.167155, 2.507331
1416115643.237365, 3.167155, 2.756598
1416115643.312195, 3.152493, 2.927664
1416115643.461593, 3.157380, 2.961877
1416115643.611066, 3.152493, 2.492669
1416115643.799593, 3.152493, 2.272727
1416115644.023768, 3.352884, 2.160313
1416115644.061370, 3.132942, 3.005865
1416115644.212566, 3.147605, 2.864125
1416115644.361359, 3.132942, 2.585533
1416115644.511384, 3.157380, 2.536657
1416115644.623941, 3.157380, 2.771261
1416115644.812687, 3.157380, 2.688172
1416115644.962170, 3.152493, 2.732160
1416115645.148986, 3.137830, 2.996090
1416115645.262100, 3.152493, 2.179863
1416115645.449406, 3.142717, 2.810362
1416115645.561812, 3.147605, 2.463343
1416115645.786387, 3.152493, 2.746823
1416115645.937669, 3.152493, 2.468231
1416115646.086488, 3.152493, 2.135875
1416115646.199516, 3.220919, 1.383187
1416115646.275194, 3.123167, 3.044966
1416115646.461636, 3.137830, 2.575758
1416115646.648686, 3.142717, 2.585533
1416115646.724308, 3.123167, 2.189638
1416115646.911493, 3.137830, 2.262952
1416115647.023933, 3.137830, 2.678397
1416115647.211131, 3.132942, 2.727273
1416115647.361499, 3.132942, 2.585533
1416115647.511623, 3.132942, 2.595308
1416115647.661193, 3.137830, 2.609971
1416115647.812029, 3.274682, 1.603128
1416115647.931219, 3.108504, 3.216031
1416115648.111231, 3.123167, 2.155425
1416115648.223647, 3.172043, 2.712610
1416115648.338126, 3.098729, 3.367546
1416115648.524364, 3.113392, 2.776149
1416115648.673890, 3.108504, 2.575758
1416115648.823757, 3.103617, 2.487781
1416115649.013067, 3.093842, 1.871945
1416115649.086595, 3.069404, 3.059629
1416115649.236908, 3.084066, 2.653959
1416115649.423994, 3.088954, 2.649071
1416115649.573751, 3.074291, 2.834800
1416115649.686639, 3.059629, 2.311828
1416115649.836767, 3.074291, 2.487781
1416115649.986593, 3.079179, 2.702835
1416115650.174409, 3.079179, 2.614858
1416115650.324579, 3.088954, 2.526882
1416115650.474109, 3.079179, 2.492669
1416115650.624168, 3.049853, 2.370479
1416115650.774249, 3.142717, 1.598240
1416115650.924752, 3.059629, 1.891496
1416115651.074862, 3.064516, 2.297165
1416115651.225305, 3.059629, 2.585533
1416115651.374750, 3.049853, 2.614858
1416115651.562660, 3.049853, 2.570870
1416115651.711261, 3.064516, 2.546432
1416115651.863054, 3.084066, 2.404692
1416115652.011378, 3.201369, 1.666667
1416115652.162134, 3.103617, 1.935484
1416115652.312080, 3.074291, 2.409580
1416115652.462195, 3.040078, 2.609971
1416115652.611813, 2.981427, 2.663734
1416115652.799043, 2.996090, 2.639296
1416115652.912344, 3.103617, 1.999022
1416115653.061402, 3.030303, 3.049853
1416115653.211436, 2.991202, 2.350929
1416115653.361390, 2.917889, 2.629521
1416115653.510859, 2.932551, 2.434018
1416115653.698198, 3.103617, 2.023460
1416115653.775403, 2.956989, 3.225806
1416115653.960859, 2.947214, 2.561095
1416115654.110472, 2.888563, 2.898338
1416115654.223355, 2.849462, 2.507331
1416115654.373811, 2.903226, 2.390029
1416115654.523576, 2.947214, 2.624633
1416115654.710503, 2.956989, 2.805474
1416115654.861000, 2.927664, 2.624633
1416115655.010917, 2.878788, 2.614858
1416115655.160940, 2.829912, 2.438905
1416115655.311211, 2.947214, 1.774194
1416115655.461247, 2.913001, 1.793744
1416115655.611241, 2.893451, 2.355816
1416115655.760906, 2.878788, 2.658847
1416115655.911859, 2.898338, 2.639296
1416115656.098930, 2.922776, 2.756598
1416115656.248463, 2.937439, 2.575758
1416115656.399345, 2.942326, 2.605083
1416115656.548560, 3.049853, 1.373412
1416115656.661115, 2.927664, 3.157380
1416115656.848088, 2.942326, 2.302053
1416115656.998460, 2.947214, 2.551320
1416115657.111146, 2.932551, 2.443793
1416115657.261163, 2.952102, 2.121212
1416115657.411448, 2.952102, 2.634409
1416115657.598127, 2.956989, 2.722385
1416115657.748077, 2.961877, 2.815249
1416115657.898076, 2.971652, 2.531769
1416115658.085870, 2.991202, 2.556207
1416115658.198086, 3.147605, 1.788856
1416115658.348606, 3.015640, 2.043011
1416115658.499358, 3.015640, 2.585533
1416115658.649280, 3.020528, 2.565982
1416115658.798946, 3.025415, 2.908113
1416115658.986140, 3.030303, 2.697947
1416115659.136408, 3.035191, 2.854350
1416115659.286289, 3.088954, 2.174976
1416115659.398953, 3.035191, 2.277615
1416115659.550861, 3.035191, 2.781036
1416115659.698664, 3.030303, 3.040078
1416115659.885732, 3.030303, 2.443793
1416115660.035735, 3.030303, 2.746823
1416115660.148588, 3.005865, 2.600196
1416115660.298917, 3.020528, 2.639296
1416115660.449109, 3.025415, 2.820137
1416115660.635718, 3.035191, 2.834800
1416115660.785736, 3.049853, 3.054741
1416115660.935796, 3.069404, 2.487781
1416115661.085683, 3.079179, 2.570870
1416115661.236002, 3.176931, 2.062561
1416115661.349180, 3.069404, 3.137830
1416115661.535707, 3.098729, 2.732160
1416115661.686511, 3.108504, 2.922776
1416115661.911066, 3.118280, 2.712610
1416115662.061173, 3.118280, 1.603128
1416115662.173724, 3.191593, 1.774194
1416115662.286475, 3.113392, 2.086999
1416115662.436534, 3.118280, 2.893451
1416115662.586134, 3.123167, 2.600196
1416115662.811021, 3.123167, 2.781036
1416115662.923353, 3.132942, 2.673509
1416115663.036230, 3.118280, 2.639296
1416115663.186124, 3.152493, 2.409580
1416115663.373738, 3.157380, 2.790811
1416115663.523218, 3.162268, 2.707722
1416115663.674258, 3.172043, 2.624633
1416115663.822883, 3.176931, 2.756598
1416115663.973021, 3.186706, 2.443793
1416115664.122859, 3.328446, 1.783969
1416115664.235893, 3.172043, 3.167155
1416115664.422663, 3.201369, 2.468231
1416115664.572518, 3.206256, 2.693060
1416115664.722780, 3.211144, 2.634409
1416115664.872426, 3.225806, 1.661779
1416115665.023209, 3.308895, 1.471163
1416115665.136865, 3.216031, 3.049853
1416115665.322882, 3.245357, 2.590420
1416115665.472877, 3.255132, 2.605083
1416115665.622568, 3.264907, 2.473118
1416115665.772727, 3.318671, 1.637341
1416115665.885484, 3.245357, 3.240469
1416115666.072595, 3.269795, 2.399804
1416115666.222870, 3.269795, 2.546432
1416115666.336386, 3.255132, 2.590420
1416115666.485832, 3.274682, 2.429130
1416115666.635461, 3.279570, 2.639296
1416115666.822980, 3.289345, 2.585533
1416115666.972587, 3.289345, 2.712610
1416115667.122518, 3.299120, 2.429130
1416115667.272498, 3.304008, 2.126100
1416115667.422895, 3.391984, 1.544477
1416115667.535790, 3.284457, 3.074291
1416115667.722739, 3.304008, 2.390029
1416115667.947923, 3.308895, 2.585533
1416115667.985490, 3.289345, 2.531769
1416115668.135870, 3.308895, 2.262952
1416115668.285618, 3.313783, 2.624633
1416115668.473012, 3.313783, 2.575758
1416115668.623088, 3.318671, 2.546432
1416115668.773018, 3.323558, 2.521994
1416115668.923029, 3.323558, 2.399804
1416115669.073730, 3.465298, 1.471163
1416115669.223058, 3.294233, 3.313783
1416115669.375086, 3.313783, 2.404692
1416115669.523909, 3.313783, 2.546432
1416115669.672836, 3.289345, 2.649071
1416115669.823856, 3.308895, 2.394917
1416115669.937056, 3.304008, 2.805474
1416115670.122748, 3.304008, 2.683284
1416115670.272659, 3.304008, 2.795699
1416115670.386140, 3.284457, 2.536657
1416115670.535649, 3.308895, 2.150538
1416115670.685578, 3.313783, 2.693060
1416115670.910600, 3.323558, 2.917889
1416115671.023060, 3.333333, 2.385142
1416115671.172944, 3.343109, 2.649071
1416115671.322783, 3.352884, 2.424242
1416115671.473716, 3.494624, 1.695992
1416115671.586406, 3.333333, 3.020528
1416115671.772794, 3.357771, 2.507331
1416115671.960748, 3.362659, 2.673509
1416115672.036937, 3.338221, 2.565982
1416115672.185626, 3.357771, 2.468231
1416115672.336773, 3.357771, 2.683284
1416115672.523120, 3.357771, 2.507331
1416115672.674281, 3.357771, 2.712610
1416115672.823042, 3.352884, 2.678397
1416115672.972957, 3.357771, 2.526882
1416115673.124226, 3.470186, 1.715543
1416115673.236085, 3.328446, 3.054741
1416115673.423424, 3.352884, 2.434018
1416115673.572649, 3.352884, 2.751711
1416115673.722289, 3.357771, 2.521994
1416115673.873032, 3.426197, 1.603128
1416115673.985561, 3.333333, 3.323558
1416115674.172239, 3.357771, 2.507331
1416115674.323174, 3.357771, 2.644184
1416115674.472493, 3.362659, 2.600196
1416115674.622472, 3.362659, 2.204301
1416115674.772606, 3.440860, 1.930596
1416115674.884791, 3.343109, 3.147605
1416115675.072185, 3.367546, 2.864125
1416115675.222337, 3.367546, 2.702835
1416115675.372300, 3.372434, 2.697947
1416115675.522942, 3.401760, 2.101662
1416115675.634864, 3.338221, 3.362659
1416115675.822304, 3.362659, 2.624633
1416115675.972010, 3.362659, 3.093842
1416115676.085629, 3.338221, 2.551320
1416115676.235393, 3.357771, 2.580645
1416115676.386084, 3.357771, 2.727273
1416115676.572573, 3.357771, 3.025415
1416115676.721938, 3.352884, 2.829912
1416115676.871999, 3.357771, 2.590420
1416115677.022011, 3.357771, 2.859238
1416115677.172521, 3.479961, 1.788856
1416115677.284965, 3.323558, 3.084066
1416115677.472264, 3.343109, 2.478006
1416115677.622301, 3.338221, 2.727273
1416115677.734942, 3.304008, 2.302053
1416115677.886229, 3.313783, 2.458456
1416115678.035312, 3.308895, 2.693060
1416115678.184968, 3.284457, 3.435973
1416115678.335565, 3.308895, 1.652004
1416115678.485517, 3.382209, 1.867058
1416115678.635010, 3.269795, 2.917889
1416115678.784633, 3.274682, 2.585533
1416115678.935091, 3.328446, 2.526882
1416115679.084541, 3.343109, 2.140762
1416115679.234588, 3.440860, 1.524927
1416115679.347908, 3.328446, 3.074291
1416115679.497040, 3.328446, 3.318671
1416115679.647133, 3.504399, 1.319648
1416115679.760368, 3.338221, 3.010753
1416115679.947094, 3.357771, 2.492669
1416115680.097133, 3.362659, 2.585533
1416115680.210480, 3.338221, 2.639296
1416115680.360440, 3.362659, 2.394917
1416115680.510870, 3.362659, 2.619746
1416115680.697428, 3.362659, 2.639296
1416115680.810028, 3.343109, 2.277615
1416115680.960024, 3.445748, 1.676442
1416115681.110719, 3.343109, 3.010753
1416115681.260117, 3.362659, 2.536657
1416115681.410706, 3.357771, 2.502444
1416115681.597181, 3.357771, 2.248289
1416115681.709762, 3.499511, 1.564027
1416115681.822879, 3.333333, 3.069404
1416115682.010637, 3.347996, 2.468231
1416115682.160740, 3.347996, 2.683284
1416115682.272812, 3.313783, 2.785924
1416115682.422787, 3.338221, 2.336266
1416115682.572668, 3.338221, 2.697947
1416115682.759697, 3.333333, 2.707722
1416115682.909852, 3.333333, 2.639296
1416115683.059914, 3.338221, 2.536657
1416115683.247561, 3.338221, 1.793744
1416115683.397092, 3.416422, 1.593353
1416115683.509649, 3.313783, 3.044966
1416115683.661200, 3.338221, 2.556207
1416115683.809516, 3.352884, 2.649071
1416115683.921671, 3.333333, 2.639296
1416115684.072217, 3.367546, 2.385142
1416115684.222075, 3.377322, 2.570870
1416115684.409224, 3.382209, 2.712610
1416115684.558902, 3.387097, 2.717498
1416115684.709366, 3.391984, 2.668622
1416115684.858883, 3.396872, 2.311828
1416115685.046708, 3.484848, 1.891496
1416115685.159328, 3.387097, 1.871945
1416115685.309190, 3.387097, 2.238514
1416115685.459695, 3.387097, 2.678397
1416115685.646517, 3.382209, 2.683284
1416115685.796546, 3.382209, 2.614858
1416115685.946677, 3.387097, 2.507331
1416115686.098463, 3.387097, 2.624633
1416115686.246459, 3.514174, 1.911046
1416115686.359903, 3.352884, 3.387097
1416115686.549990, 3.372434, 2.649071
1416115686.696393, 3.372434, 2.649071
1416115686.809344, 3.347996, 2.453568
1416115686.959332, 3.367546, 2.199413
1416115687.110132, 3.367546, 2.766373
1416115687.296771, 3.367546, 2.697947
1416115687.447058, 3.367546, 2.634409
1416115687.596494, 3.372434, 2.649071
1416115687.746487, 3.372434, 2.556207
1416115687.896808, 3.523949, 1.471163
1416115688.009346, 3.343109, 3.000978
1416115688.196578, 3.362659, 2.678397
1416115688.346788, 3.362659, 2.644184
1416115688.459798, 3.338221, 2.580645
1416115688.609825, 3.357771, 2.253177
1416115688.759700, 3.357771, 2.913001
1416115688.946800, 3.352884, 2.658847
1416115689.096866, 3.352884, 2.644184
1416115689.247323, 3.352884, 2.766373
1416115689.396958, 3.357771, 2.512219
1416115689.549524, 3.509286, 1.603128
1416115689.659681, 3.323558, 3.250244
1416115689.846916, 3.313783, 2.683284
1416115689.996569, 3.333333, 2.898338
1416115690.109697, 3.240469, 2.473118
1416115690.259520, 3.176931, 2.316716
1416115690.409833, 3.132942, 2.829912
1416115690.559897, 3.279570, 2.790811
1416115690.747004, 3.328446, 2.727273
1416115690.897085, 3.328446, 2.898338
1416115691.047112, 3.328446, 2.521994
1416115691.197302, 3.460411, 1.666667
1416115691.310463, 3.294233, 3.431085
1416115691.497345, 3.313783, 2.795699
1416115691.646837, 3.313783, 2.785924
1416115691.759610, 3.294233, 2.385142
1416115691.909980, 3.308895, 2.614858
1416115692.059610, 3.308895, 2.717498
1416115692.246744, 3.313783, 2.815249
1416115692.397700, 3.318671, 2.810362
1416115692.550170, 3.323558, 2.722385
1416115692.809457, 3.328446, 2.585533
1416115692.847472, 3.465298, 1.974585
1416115692.960079, 3.313783, 3.455523
1416115693.147552, 3.347996, 2.693060
1416115693.297714, 3.357771, 2.820137
1416115693.409482, 3.343109, 2.321603
1416115693.559045, 3.367546, 2.864125
1416115693.709419, 3.372434, 2.663734
1416115693.895818, 3.372434, 2.781036
1416115694.046862, 3.377322, 2.829912
1416115694.196193, 3.377322, 2.624633
1416115694.346374, 3.377322, 2.668622
1416115694.497728, 3.475073, 1.500489
1416115694.608593, 3.338221, 2.991202
1416115694.795844, 3.357771, 2.751711
1416115694.946111, 3.357771, 2.634409
1416115695.059163, 3.323558, 2.580645
1416115695.208696, 3.343109, 2.434018
1416115695.359359, 3.343109, 2.903226
1416115695.549089, 3.338221, 2.639296
1416115695.695874, 3.343109, 2.668622
1416115695.846164, 3.352884, 2.497556
1416115695.996147, 3.362659, 2.238514
1416115696.147480, 3.455523, 1.705767
1416115696.260106, 3.347996, 3.123167
1416115696.408733, 3.357771, 3.357771
1416115696.558733, 3.543500, 1.363636
1416115696.671342, 3.367546, 3.250244
1416115696.858893, 3.387097, 2.785924
1416115697.008572, 3.387097, 2.785924
1416115697.121220, 3.362659, 2.639296
1416115697.271343, 3.382209, 2.771261
1416115697.421999, 3.372434, 2.849462
1416115697.608545, 3.372434, 2.741935
1416115697.758708, 3.372434, 2.712610
1416115697.908435, 3.372434, 2.624633
1416115698.058863, 3.367546, 2.292278
1416115698.208621, 3.450635, 1.578690
1416115698.321683, 3.338221, 3.108504
1416115698.508503, 3.362659, 2.536657
1416115698.696718, 3.367546, 2.693060
1416115698.809262, 3.387097, 2.438905
1416115698.958421, 3.426197, 1.627566
1416115699.071478, 3.372434, 3.274682
1416115699.258458, 3.401760, 2.605083
1416115699.411381, 3.411535, 2.688172
1416115699.521349, 3.391984, 2.355816
1416115699.671448, 3.411535, 2.536657
1416115699.821689, 3.416422, 2.693060
1416115699.971947, 3.416422, 2.717498
1416115700.158439, 3.416422, 2.825024
1416115700.308748, 3.421310, 2.546432
1416115700.460292, 3.426197, 2.502444
1416115700.608661, 3.494624, 1.642229
1416115700.722264, 3.396872, 3.118280
1416115700.908668, 3.426197, 2.438905
1416115701.059431, 3.435973, 2.546432
1416115701.171445, 3.416422, 2.605083
1416115701.322153, 3.445748, 2.341153
1416115701.472131, 3.455523, 2.658847
1416115701.658568, 3.460411, 2.575758
1416115701.808559, 3.470186, 2.668622
1416115701.959505, 3.475073, 2.541544
1416115702.108618, 3.489736, 2.145650
1416115702.258826, 3.582600, 1.544477
1416115702.409374, 3.470186, 3.098729
1416115702.558893, 3.494624, 2.468231
1416115702.671762, 3.607038, 2.013685
1416115702.784049, 3.484848, 3.074291
1416115702.971138, 3.509286, 2.512219
1416115703.121055, 3.519062, 2.629521
1416115703.271056, 3.533724, 2.517107
1416115703.421077, 3.611926, 1.495601
1416115703.533859, 3.509286, 3.064516
1416115703.720632, 3.538612, 2.482893
1416115703.870590, 3.543500, 2.644184
1416115703.983451, 3.514174, 2.453568
1416115704.133141, 3.538612, 2.204301
1416115704.283022, 3.543500, 2.658847
1416115704.470638, 3.553275, 2.644184
1416115704.620187, 3.558162, 2.585533
1416115704.920484, 3.577713, 2.399804
1416115705.070607, 3.724340, 1.495601
1416115705.183199, 3.553275, 3.181818
1416115705.370747, 3.587488, 2.341153
1416115705.520248, 3.587488, 2.825024
1416115705.633234, 3.567937, 2.463343
1416115705.783490, 3.592375, 2.341153
1416115705.933208, 3.592375, 2.668622
1416115706.121259, 3.592375, 2.600196
1416115706.307916, 3.597263, 2.536657
1416115706.421307, 3.602151, 2.526882
1416115706.570390, 3.607038, 2.258065
1416115706.720357, 3.753666, 1.622678
1416115706.870720, 3.621701, 1.911046
1416115707.020656, 3.616813, 2.297165
1416115707.171106, 3.621701, 2.624633
1416115707.321301, 3.626588, 2.639296
1416115707.508230, 3.631476, 2.624633
1416115707.657858, 3.636364, 2.551320
1416115707.807829, 3.646139, 2.487781
1416115707.958818, 3.748778, 1.436950
1416115708.070914, 3.616813, 3.201369
1416115708.257878, 3.646139, 2.565982
1416115708.408766, 3.651026, 2.546432
1416115708.558625, 3.655914, 2.502444
1416115708.673173, 3.611926, 3.186706
1416115708.820963, 3.651026, 2.478006
1416115709.007948, 3.651026, 2.653959
1416115709.159149, 3.655914, 2.639296
1416115709.308245, 3.660802, 2.531769
1416115709.458224, 3.660802, 2.062561
1416115709.608289, 3.743891, 1.598240
1416115709.720832, 3.631476, 3.225806
1416115709.908002, 3.655914, 2.478006
1416115710.058000, 3.660802, 2.619746
1416115710.171121, 3.714565, 2.629521
1416115710.321083, 3.655914, 2.028348
1416115710.471269, 3.655914, 2.619746
1416115710.621179, 3.655914, 2.756598
1416115710.808247, 3.655914, 2.600196
1416115710.958319, 3.655914, 2.644184
1416115711.070950, 3.626588, 2.658847
1416115711.220956, 3.655914, 2.170088
1416115711.371787, 3.655914, 2.697947
1416115711.520959, 3.660802, 2.795699
1416115711.708252, 3.665689, 2.707722
1416115711.858302, 3.670577, 2.673509
1416115712.009071, 3.680352, 2.971652
1416115712.157992, 3.817204, 2.282502
1416115712.271127, 3.651026, 3.362659
1416115712.458321, 3.675464, 3.255132
1416115712.607988, 3.675464, 3.602151
1416115712.720956, 3.646139, 2.600196
1416115712.871085, 3.670577, 2.556207
1416115713.058124, 3.670577, 2.771261
1416115713.171251, 3.670577, 2.712610
1416115713.358105, 3.670577, 2.815249
1416115713.507693, 3.675464, 2.966764
1416115713.621456, 3.641251, 2.341153
1416115713.771021, 3.670577, 2.702835
1416115713.920275, 3.675464, 2.751711
1416115714.107465, 3.675464, 3.040078
1416115714.257166, 3.685239, 2.878788
1416115714.407536, 3.685239, 2.956989
1416115714.557863, 3.685239, 2.419355
1416115714.707768, 3.787879, 1.588465
1416115714.821394, 3.651026, 3.142717
1416115715.007315, 3.675464, 2.629521
1416115715.157207, 3.675464, 2.727273
1416115715.270170, 3.631476, 2.429130
1416115715.420475, 3.651026, 2.605083
1416115715.570142, 3.646139, 2.673509
1416115715.757353, 3.636364, 2.609971
1416115715.907311, 3.631476, 2.614858
1416115716.058315, 3.626588, 2.697947
1416115716.207981, 3.626588, 2.453568
1416115716.357855, 3.739003, 1.554252
1416115716.470407, 3.602151, 3.118280
1416115716.657280, 3.631476, 2.644184
1416115716.807350, 3.641251, 2.639296
1416115716.920134, 3.616813, 2.331378
1416115717.070147, 3.646139, 2.453568
1416115717.220882, 3.646139, 2.766373
1416115717.407815, 3.621701, 3.372434
1416115717.519844, 3.655914, 1.544477
1416115717.670260, 3.734115, 1.818182
1416115717.782785, 3.616813, 3.176931
1416115717.969798, 3.641251, 2.565982
1416115718.119800, 3.641251, 2.663734
1416115718.269812, 3.636364, 2.678397
1416115718.420321, 3.704790, 1.686217
1416115718.533611, 3.597263, 3.137830
1416115718.682870, 3.592375, 3.211144
1416115718.832704, 3.714565, 1.490714
1416115718.945223, 3.582600, 3.054741
1416115719.132288, 3.597263, 2.629521
1416115719.319898, 3.592375, 2.751711
1416115719.395667, 3.553275, 2.688172
1416115719.546820, 3.577713, 2.370479
1416115719.732422, 3.572825, 2.624633
1416115719.882443, 3.567937, 2.595308
1416115720.032972, 3.563050, 3.064516
1416115720.145253, 3.528837, 2.561095
1416115720.295532, 3.548387, 2.473118
1416115720.446151, 3.548387, 2.785924
1416115720.633143, 3.553275, 2.825024
1416115720.783360, 3.563050, 2.873900
1416115720.932451, 3.572825, 2.766373
1416115721.082538, 3.587488, 2.556207
1416115721.232547, 3.699902, 1.661779
1416115721.347560, 3.567937, 3.318671
1416115721.533379, 3.597263, 2.614858
1416115721.682423, 3.602151, 3.010753
1416115721.795369, 3.577713, 2.370479
1416115721.945336, 3.597263, 2.443793
1416115722.095812, 3.597263, 2.697947
1416115722.283067, 3.602151, 2.639296
1416115722.432785, 3.602151, 2.624633
1416115722.582498, 3.607038, 3.064516
1416115722.732887, 3.621701, 2.394917
1416115722.882971, 3.773216, 1.656891
1416115722.996003, 3.592375, 3.059629
1416115723.182598, 3.621701, 2.512219
1416115723.332323, 3.616813, 3.035191
1416115723.445071, 3.592375, 2.390029
1416115723.595226, 3.611926, 2.399804
1416115723.744964, 3.611926, 2.746823
1416115723.932041, 3.607038, 2.634409
1416115724.081594, 3.607038, 2.668622
1416115724.231808, 3.602151, 2.820137
1416115724.382046, 3.597263, 2.590420
1416115724.531595, 3.734115, 1.529814
1416115724.644655, 3.553275, 3.289345
1416115724.831704, 3.572825, 2.414467
1416115724.945010, 3.680352, 1.925709
1416115725.094625, 3.558162, 3.020528
1416115725.244328, 3.577713, 2.688172
1416115725.432086, 3.577713, 2.712610
1416115725.546201, 3.572825, 2.595308
1416115725.731874, 3.680352, 1.774194
1416115725.807136, 3.538612, 3.044966
1416115726.031992, 3.558162, 2.507331
1416115726.181769, 3.563050, 2.717498
1416115726.258281, 3.533724, 2.375367
1416115726.408677, 3.553275, 2.341153
1416115726.557376, 3.553275, 2.639296
1416115726.744214, 3.548387, 2.756598
1416115726.894223, 3.553275, 2.683284
1416115727.044324, 3.558162, 2.580645
1416115727.194244, 3.558162, 2.609971
1416115727.344307, 3.699902, 1.500489
1416115727.495144, 3.543500, 1.955034
1416115727.644773, 3.533724, 2.502444
1416115727.794691, 3.528837, 2.722385
1416115727.945163, 3.528837, 2.634409
1416115728.131724, 3.528837, 2.707722
1416115728.282109, 3.528837, 2.668622
1416115728.432039, 3.523949, 2.668622
1416115728.582741, 3.577713, 1.515152
1416115728.695193, 3.494624, 3.142717
1416115728.882194, 3.519062, 2.438905
1416115729.031876, 3.523949, 2.570870
1416115729.144872, 3.489736, 2.453568
1416115729.295270, 3.509286, 2.326491
1416115729.444966, 3.509286, 2.590420
1416115729.631850, 3.509286, 2.556207
1416115729.781921, 3.509286, 2.644184
1416115729.931859, 3.509286, 2.497556
1416115730.081816, 3.509286, 2.346041
1416115730.231858, 3.616813, 1.456500
1416115730.345221, 3.470186, 3.015640
1416115730.532202, 3.489736, 2.492669
1416115730.681867, 3.489736, 2.531769
1416115730.795116, 3.465298, 2.536657
1416115730.944832, 3.489736, 2.434018
1416115731.095661, 3.494624, 2.741935
1416115731.282599, 3.494624, 2.639296
1416115731.433218, 3.494624, 2.683284
1416115731.582102, 3.494624, 2.629521
1416115731.732112, 3.499511, 2.170088
1416115731.882028, 3.587488, 1.774194
1416115731.994860, 3.465298, 3.216031
1416115732.182047, 3.489736, 2.414467
1416115732.334644, 3.484848, 2.805474
1416115732.445141, 3.465298, 2.272727
1416115732.595282, 3.489736, 2.365591
1416115732.745088, 3.494624, 2.761486
1416115732.932029, 3.499511, 2.756598
1416115733.082203, 3.499511, 2.717498
1416115733.231977, 3.504399, 2.697947
1416115733.382145, 3.499511, 2.443793
1416115733.569240, 3.607038, 1.632454
1416115733.681954, 3.494624, 2.404692
1416115733.831604, 3.489736, 2.350929
1416115733.982028, 3.489736, 2.727273
1416115734.168593, 3.484848, 2.922776
1416115734.318661, 3.475073, 2.741935
1416115734.469220, 3.470186, 2.693060
1416115734.656434, 3.484848, 2.869013
1416115734.768588, 3.631476, 1.622678
1416115734.881884, 3.470186, 3.093842
1416115735.068662, 3.494624, 2.712610
1416115735.218988, 3.494624, 2.688172
1416115735.331977, 3.465298, 2.815249
1416115735.481514, 3.494624, 2.492669
1416115735.631962, 3.489736, 2.825024
1416115735.818821, 3.494624, 2.595308
1416115735.968728, 3.489736, 2.609971
1416115736.118909, 3.494624, 2.673509
1416115736.269050, 3.494624, 2.155425
1416115736.419152, 3.582600, 1.603128
1416115736.531926, 3.470186, 3.054741
1416115736.719107, 3.489736, 2.473118
1416115736.868708, 3.489736, 2.492669
1416115737.018676, 3.489736, 2.561095
1416115737.169199, 3.563050, 1.524927
1416115737.281673, 3.465298, 3.103617
1416115737.468988, 3.484848, 2.575758
1416115737.618669, 3.484848, 2.619746
1416115737.731991, 3.455523, 2.609971
1416115737.881842, 3.470186, 2.531769
1416115738.031639, 3.470186, 2.727273
1416115738.218674, 3.470186, 2.595308
1416115738.368985, 3.475073, 2.663734
1416115738.519292, 3.475073, 2.590420
1416115738.669362, 3.475073, 2.111437
1416115738.819571, 3.563050, 1.647116
1416115738.931654, 3.445748, 3.103617
1416115739.119215, 3.465298, 2.404692
1416115739.268877, 3.460411, 2.869013
1416115739.382157, 3.440860, 2.360704
1416115739.532062, 3.460411, 2.394917
1416115739.681847, 3.460411, 2.697947
1416115739.869009, 3.455523, 2.673509
1416115740.019509, 3.460411, 2.565982
1416115740.170279, 3.460411, 2.859238
1416115740.281817, 3.421310, 2.869013
1416115740.432382, 3.450635, 2.360704
1416115740.581978, 3.450635, 2.722385
1416115740.769059, 3.445748, 2.825024
1416115740.919162, 3.440860, 2.644184
1416115741.069562, 3.445748, 2.590420
1416115741.219699, 3.440860, 2.160313
1416115741.369394, 3.523949, 1.647116
1416115741.484358, 3.411535, 3.137830
1416115741.670399, 3.431085, 2.937439
1416115741.781738, 3.592375, 2.062561
1416115741.894767, 3.406647, 3.157380
1416115742.082396, 3.426197, 2.790811
1416115742.231825, 3.421310, 2.947214
1416115742.345526, 3.396872, 2.253177
1416115742.495935, 3.426197, 2.600196
1416115742.682295, 3.431085, 3.132942
1416115742.831453, 3.440860, 2.609971
1416115742.982147, 3.455523, 2.898338
1416115743.132209, 3.470186, 2.390029
1416115743.281409, 3.479961, 2.346041
1416115743.431094, 3.587488, 2.052786
1416115743.580980, 3.479961, 2.043011
1416115743.731657, 3.479961, 2.321603
1416115743.881088, 3.475073, 2.649071
1416115744.068546, 3.475073, 2.644184
1416115744.218290, 3.475073, 2.751711
1416115744.368907, 3.465298, 2.697947
1416115744.518508, 3.470186, 2.781036
1416115744.668163, 3.592375, 1.559140
1416115744.781047, 3.431085, 3.147605
1416115744.968389, 3.450635, 2.468231
1416115745.118226, 3.440860, 2.849462
1416115745.231055, 3.411535, 2.238514
1416115745.382898, 3.426197, 2.013685
1416115745.531043, 3.426197, 2.732160
1416115745.718608, 3.426197, 2.717498
1416115745.868096, 3.426197, 2.531769
1416115746.018070, 3.426197, 2.512219
1416115746.172510, 3.426197, 2.536657
1416115746.318517, 3.563050, 1.661779
1416115746.431864, 3.387097, 3.264907
1416115746.618252, 3.411535, 2.326491
1416115746.768131, 3.411535, 2.536657
1416115746.881117, 3.382209, 2.404692
1416115747.031768, 3.401760, 2.482893
1416115747.181419, 3.396872, 2.756598
1416115747.368582, 3.391984, 2.873900
1416115747.518507, 3.372434, 2.795699
1416115747.631358, 3.347996, 2.370479
1416115747.781047, 3.362659, 2.130987
1416115747.968644, 3.357771, 2.903226
1416115748.081192, 3.352884, 2.859238
1416115748.268739, 3.367546, 2.649071
1416115748.419085, 3.372434, 2.829912
1416115748.610537, 3.387097, 2.551320
1416115748.681971, 3.362659, 3.015640
1416115748.831452, 3.391984, 2.521994
1416115749.018584, 3.401760, 2.688172
1416115749.168277, 3.411535, 2.492669
1416115749.318587, 3.411535, 2.605083
1416115749.468547, 3.416422, 2.580645
1416115749.618220, 3.504399, 1.705767
1416115749.731146, 3.387097, 3.206256
1416115749.918348, 3.401760, 2.521994
1416115750.068337, 3.396872, 2.693060
1416115750.218347, 3.401760, 2.575758
1416115750.368708, 3.470186, 1.554252
1416115750.481247, 3.367546, 3.216031
1416115750.668594, 3.387097, 2.517107
1416115750.818244, 3.387097, 2.966764
1416115750.931183, 3.362659, 2.350929
1416115751.119042, 3.387097, 2.614858
1416115751.269089, 3.382209, 3.059629
1416115751.419025, 3.377322, 2.761486
1416115751.568730, 3.372434, 2.732160
1416115751.793385, 3.372434, 2.825024
1416115751.868347, 3.377322, 2.541544
1416115752.019497, 3.519062, 1.681329
1416115752.168495, 3.338221, 2.981427
1416115752.319208, 3.357771, 2.541544
1416115752.468863, 3.362659, 2.624633
1416115752.618346, 3.367546, 2.482893
1416115752.768403, 3.489736, 1.564027
1416115752.881404, 3.362659, 3.098729
1416115753.068643, 3.391984, 2.468231
1416115753.218752, 3.406647, 2.688172
1416115753.331655, 3.382209, 2.390029
1416115753.480879, 3.416422, 2.360704
1416115753.630546, 3.421310, 2.639296
1416115753.817814, 3.421310, 2.595308
1416115753.968022, 3.426197, 2.600196
1416115754.117646, 3.426197, 2.502444
1416115754.267617, 3.431085, 2.424242
1416115754.417904, 3.553275, 1.490714
1416115754.530684, 3.401760, 3.098729
1416115754.717612, 3.421310, 2.458456
1416115754.868137, 3.421310, 2.536657
1416115755.017651, 3.391984, 2.829912
1416115755.130735, 3.411535, 2.365591
1416115755.280344, 3.416422, 2.697947
1416115755.467938, 3.416422, 2.590420
1416115755.617843, 3.416422, 2.570870
1416115755.805099, 3.421310, 2.512219
1416115755.917899, 3.421310, 2.140762
1416115756.069022, 3.509286, 1.603128
1416115756.180610, 3.396872, 3.142717
1416115756.368513, 3.416422, 2.473118
1416115756.518023, 3.421310, 2.487781
1416115756.667893, 3.421310, 2.478006
1416115756.817672, 3.494624, 1.588465
1416115756.930559, 3.396872, 3.250244
1416115757.117533, 3.416422, 2.380254
1416115757.267878, 3.421310, 2.649071
1416115757.381326, 3.391984, 2.541544
1416115757.530999, 3.411535, 2.160313
1416115757.681417, 3.411535, 2.727273
1416115757.868169, 3.406647, 2.663734
1416115758.017665, 3.406647, 2.629521
1416115758.168441, 3.401760, 2.561095
1416115758.318196, 3.396872, 2.556207
1416115758.467673, 3.558162, 1.608016
1416115758.581270, 3.367546, 3.167155
1416115758.768675, 3.387097, 2.585533
1416115758.918129, 3.391984, 2.956989
1416115759.030641, 3.367546, 2.688172
1416115759.180613, 3.372434, 2.947214
1416115759.330494, 3.396872, 2.917889
1416115759.480476, 3.401760, 2.722385
1416115759.630637, 3.401760, 1.984360
1416115759.781104, 3.484848, 1.798631
1416115759.893494, 3.377322, 3.245357
1416115760.042939, 3.377322, 2.820137
1416115760.192944, 3.489736, 1.559140
1416115760.343190, 3.382209, 3.123167
1416115760.493091, 3.406647, 2.653959
1416115760.642876, 3.406647, 3.005865
1416115760.792836, 3.411535, 2.673509
1416115760.942800, 3.548387, 1.593353
1416115761.055667, 3.387097, 3.294233
1416115761.242982, 3.411535, 2.590420
1416115761.393757, 3.411535, 2.996090
1416115761.511597, 3.391984, 2.482893
1416115761.655695, 3.411535, 2.399804
1416115761.806093, 3.411535, 2.766373
1416115761.993140, 3.411535, 2.697947
1416115762.143171, 3.411535, 2.785924
1416115762.292939, 3.411535, 2.722385
1416115762.443124, 3.416422, 2.536657
1416115762.592824, 3.563050, 1.788856
1416115762.706138, 3.382209, 3.123167
1416115762.855351, 3.382209, 3.313783
1416115763.005512, 3.558162, 1.583578
1416115763.118887, 3.377322, 3.274682
1416115763.305632, 3.396872, 2.531769
1416115763.455284, 3.396872, 2.888563
1416115763.567648, 3.372434, 2.443793
1416115763.717619, 3.391984, 2.492669
1416115763.867620, 3.387097, 2.800587
1416115764.054525, 3.387097, 2.971652
1416115764.204851, 3.387097, 2.727273
1416115764.354863, 3.387097, 2.722385
1416115764.505198, 3.387097, 2.688172
1416115764.654497, 3.509286, 1.617791
1416115764.805085, 3.382209, 2.013685
1416115764.954933, 3.382209, 2.380254
1416115765.104806, 3.382209, 2.859238
1416115765.256658, 3.382209, 2.702835
1416115765.442382, 3.387097, 2.829912
1416115765.592123, 3.391984, 2.639296
1416115765.742110, 3.391984, 2.790811
1416115765.892286, 3.470186, 1.573803
1416115766.005391, 3.367546, 3.079179
1416115766.191983, 3.387097, 2.693060
1416115766.342582, 3.387097, 2.781036
1416115766.456323, 3.362659, 2.306940
1416115766.605687, 3.382209, 2.546432
1416115766.755264, 3.382209, 2.947214
1416115766.942380, 3.377322, 2.702835
1416115767.092495, 3.377322, 2.609971
1416115767.242354, 3.382209, 2.776149
1416115767.392409, 3.382209, 2.605083
1416115767.543467, 3.514174, 1.725318
1416115767.655464, 3.347996, 3.098729
1416115767.842180, 3.372434, 2.619746
1416115767.992457, 3.372434, 2.614858
1416115768.142099, 3.372434, 2.683284
1416115768.292389, 3.406647, 1.720430
1416115768.405433, 3.343109, 3.279570
1416115768.593467, 3.362659, 2.653959
1416115768.742083, 3.357771, 3.079179
1416115768.892080, 3.362659, 2.746823
1416115769.042110, 3.362659, 1.803519
1416115769.193717, 3.440860, 1.940371
1416115769.342506, 3.333333, 3.220919
1416115769.492658, 3.352884, 2.541544
1416115769.643278, 3.357771, 2.629521
1416115769.755318, 3.318671, 2.898338
1416115769.905139, 3.343109, 2.707722
1416115770.055122, 3.343109, 2.707722
1416115770.242214, 3.347996, 2.595308
1416115770.392740, 3.347996, 2.790811
1416115770.506778, 3.328446, 2.565982
1416115770.655078, 3.343109, 2.360704
1416115770.805625, 3.347996, 2.697947
1416115770.992486, 3.347996, 2.683284
1416115771.143552, 3.347996, 2.893451
1416115771.292651, 3.347996, 2.722385
1416115771.442664, 3.352884, 2.521994
1416115771.593093, 3.494624, 1.520039
1416115771.705417, 3.323558, 3.313783
1416115771.892270, 3.343109, 2.908113
1416115772.042251, 3.343109, 2.785924
1416115772.192582, 3.347996, 2.556207
1416115772.380211, 3.347996, 1.862170
1416115772.492930, 3.435973, 1.627566
1416115772.605256, 3.323558, 3.421310
1416115772.792761, 3.347996, 2.644184
1416115772.943338, 3.352884, 2.658847
1416115773.055194, 3.323558, 2.565982
1416115773.205494, 3.352884, 2.453568
1416115773.355233, 3.352884, 2.649071
1416115773.541533, 3.352884, 3.010753
1416115773.692406, 3.357771, 2.717498
1416115773.804334, 3.333333, 2.350929
1416115773.954237, 3.352884, 2.218964
1416115774.104544, 3.352884, 2.712610
1416115774.254304, 3.352884, 2.805474
1416115774.442290, 3.352884, 2.834800
1416115774.591744, 3.357771, 2.614858
1416115774.741463, 3.357771, 2.448680
1416115774.892084, 3.489736, 1.549365
1416115775.005334, 3.328446, 3.211144
1416115775.191598, 3.347996, 2.629521
1416115775.342012, 3.352884, 2.693060
1416115775.455547, 3.323558, 2.360704
1416115775.604353, 3.347996, 2.160313
1416115775.754340, 3.347996, 2.996090
1416115775.978963, 3.343109, 2.717498
1416115776.091626, 3.347996, 2.531769
1416115776.279467, 3.352884, 2.722385
1416115776.392221, 3.352884, 2.785924
1416115776.541912, 3.484848, 1.730205
1416115776.654367, 3.323558, 3.201369
1416115776.841523, 3.347996, 2.531769
1416115776.991556, 3.352884, 2.800587
1416115777.141588, 3.328446, 2.341153
1416115777.254382, 3.343109, 2.482893
1416115777.404772, 3.347996, 2.717498
1416115777.591522, 3.347996, 3.040078
1416115777.741835, 3.347996, 2.609971
1416115777.891992, 3.347996, 2.570870
1416115778.041585, 3.347996, 2.331378
1416115778.191523, 3.450635, 2.008798
1416115778.342619, 3.343109, 2.082111
1416115778.492355, 3.338221, 2.341153
1416115778.642029, 3.338221, 2.653959
1416115778.830279, 3.308895, 3.543500
1416115778.941803, 3.338221, 1.842620
1416115779.091951, 3.416422, 1.720430
1416115779.204903, 3.304008, 3.079179
1416115779.355554, 3.299120, 3.147605
1416115779.504470, 3.406647, 1.813294
1416115779.617316, 3.294233, 3.176931
1416115779.804137, 3.313783, 2.619746
1416115779.954150, 3.308895, 2.634409
1416115780.067532, 3.284457, 2.487781
1416115780.217608, 3.304008, 2.600196
1416115780.367654, 3.304008, 2.888563
1416115780.554587, 3.299120, 2.771261
1416115780.704216, 3.304008, 2.795699
1416115780.854176, 3.308895, 2.756598
1416115781.004501, 3.313783, 2.409580
1416115781.154136, 3.416422, 1.705767
1416115781.267710, 3.299120, 3.137830
1416115781.454469, 3.323558, 2.521994
1416115781.604221, 3.323558, 2.658847
1416115781.717080, 3.304008, 2.473118
1416115781.867104, 3.323558, 2.580645
1416115782.017308, 3.328446, 2.590420
1416115782.204297, 3.328446, 2.649071
1416115782.354616, 3.328446, 2.825024
1416115782.506258, 3.328446, 2.644184
1416115782.655021, 3.328446, 2.473118
1416115782.804278, 3.435973, 1.608016
1416115782.917111, 3.299120, 3.157380
1416115783.104388, 3.313783, 2.521994
1416115783.254276, 3.318671, 2.663734
1416115783.404652, 3.299120, 2.561095
1416115783.516168, 3.313783, 2.536657
1416115783.666489, 3.323558, 2.712610
1416115783.891903, 3.323558, 2.614858
1416115784.003351, 3.328446, 2.482893
1416115784.153505, 3.328446, 2.561095
1416115784.303326, 3.333333, 2.199413
1416115784.453784, 3.421310, 1.632454
1416115784.566410, 3.304008, 3.142717
1416115784.753356, 3.318671, 2.609971
1416115784.903748, 3.318671, 2.639296
1416115785.017202, 3.294233, 2.590420
1416115785.166676, 3.313783, 2.350929
1416115785.316628, 3.304008, 2.707722
1416115785.578524, 3.299120, 2.595308
1416115785.653682, 3.304008, 2.531769
1416115785.803355, 3.304008, 2.693060
1416115785.953404, 3.304008, 2.341153
1416115786.103935, 3.391984, 1.608016
1416115786.253963, 3.294233, 1.725318
1416115786.404314, 3.284457, 2.443793
1416115786.555582, 3.279570, 2.693060
1416115786.741101, 3.274682, 2.800587
1416115786.928823, 3.274682, 2.614858
1416115787.041080, 3.274682, 2.502444
1416115787.191466, 3.274682, 2.463343
1416115787.341431, 3.421310, 1.466276
1416115787.454279, 3.318671, 3.396872
1416115787.604050, 3.264907, 2.468231
1416115787.790962, 3.264907, 2.693060
1416115787.941060, 3.264907, 2.600196
1416115788.053931, 3.240469, 2.580645
1416115788.204022, 3.264907, 2.404692
1416115788.354345, 3.264907, 2.668622
1416115788.541157, 3.264907, 2.712610
1416115788.691488, 3.264907, 2.688172
1416115788.841076, 3.264907, 2.688172
1416115788.991003, 3.269795, 2.424242
1416115789.140991, 3.396872, 1.652004
1416115789.254365, 3.240469, 3.167155
1416115789.441718, 3.260020, 2.531769
1416115789.591125, 3.264907, 2.658847
1416115789.704016, 3.240469, 2.766373
1416115789.853910, 3.260020, 2.526882
1416115790.004331, 3.260020, 2.785924
1416115790.191177, 3.260020, 2.942326
1416115790.341717, 3.260020, 2.653959
1416115790.491075, 3.269795, 2.448680
1416115790.641062, 3.274682, 2.199413
1416115790.791243, 3.377322, 1.407625
1416115790.904131, 3.255132, 3.079179
1416115791.091065, 3.274682, 2.316716
1416115791.241609, 3.269795, 2.712610
1416115791.354524, 3.240469, 2.350929
1416115791.504672, 3.255132, 2.086999
1416115791.654428, 3.255132, 2.561095
1416115791.841100, 3.255132, 2.619746
1416115791.991102, 3.255132, 2.521994
1416115792.141061, 3.260020, 2.595308
1416115792.291208, 3.255132, 2.419355
1416115792.441504, 3.387097, 1.441838
1416115792.554400, 3.230694, 3.181818
1416115792.741952, 3.255132, 2.365591
1416115792.928899, 3.260020, 2.561095
1416115793.004172, 3.240469, 2.248289
1416115793.154229, 3.260020, 2.272727
1416115793.304948, 3.269795, 2.605083
1416115793.453590, 3.269795, 2.693060
1416115793.640627, 3.274682, 2.561095
1416115793.790634, 3.279570, 2.536657
1416115793.903762, 3.255132, 2.575758
1416115794.053194, 3.274682, 2.346041
1416115794.203261, 3.274682, 2.707722
1416115794.390755, 3.274682, 2.717498
1416115794.542748, 3.274682, 2.619746
1416115794.690392, 3.269795, 2.429130
1416115794.877928, 3.274682, 2.238514
1416115794.990454, 3.411535, 1.549365
1416115795.140714, 3.269795, 2.209189
1416115795.291023, 3.269795, 2.478006
1416115795.441354, 3.269795, 2.668622
1416115795.628855, 3.264907, 2.712610
1416115795.778096, 3.264907, 2.565982
1416115795.927905, 3.264907, 2.702835
1416115796.078106, 3.264907, 2.727273
1416115796.227876, 3.387097, 1.617791
1416115796.341162, 3.225806, 3.323558
1416115796.529211, 3.240469, 2.551320
1416115796.677948, 3.225806, 2.624633
1416115796.790874, 3.206256, 2.590420
1416115796.941911, 3.220919, 2.253177
1416115797.090850, 3.216031, 2.697947
1416115797.240872, 3.216031, 2.697947
1416115797.428799, 3.211144, 2.565982
1416115797.577926, 3.211144, 2.526882
1416115797.728238, 3.211144, 2.556207
1416115797.878963, 3.333333, 1.480938
1416115798.028745, 3.201369, 1.852395
1416115798.178721, 3.191593, 2.463343
1416115798.328929, 3.191593, 2.575758
1416115798.553651, 3.191593, 2.697947
1416115798.666222, 3.191593, 2.468231
1416115798.815390, 3.196481, 2.859238
1416115798.965572, 3.206256, 2.453568
1416115799.115606, 3.274682, 1.573803
1416115799.228351, 3.191593, 3.167155
1416115799.415948, 3.211144, 2.468231
1416115799.565523, 3.220919, 2.546432
1416115799.679514, 3.201369, 2.595308
1416115799.828435, 3.220919, 2.326491
1416115799.978681, 3.230694, 2.639296
1416115800.165578, 3.230694, 2.678397
1416115800.315834, 3.235582, 2.517107
1416115800.465903, 3.240469, 2.551320
1416115800.615502, 3.235582, 2.336266
1416115800.765494, 3.347996, 1.608016
1416115800.878549, 3.201369, 3.299120
1416115801.065543, 3.225806, 2.507331
1416115801.216493, 3.225806, 2.609971
1416115801.331850, 3.206256, 2.394917
1416115801.478859, 3.220919, 2.174976
1416115801.628715, 3.216031, 2.600196
1416115801.778042, 3.186706, 3.440860
1416115801.928566, 3.206256, 1.955034
1416115802.078921, 3.279570, 1.471163
1416115802.191432, 3.176931, 3.132942
1416115802.378873, 3.196481, 2.438905
1416115802.528224, 3.196481, 2.565982
1416115802.641005, 3.176931, 2.521994
1416115802.791016, 3.196481, 2.277615
1416115802.941005, 3.201369, 2.595308
1416115803.128407, 3.206256, 2.683284
1416115803.278171, 3.216031, 2.561095
1416115803.427812, 3.225806, 2.468231
1416115803.577188, 3.225806, 2.321603
1416115803.727787, 3.347996, 1.529814
1416115803.841378, 3.206256, 3.284457
1416115804.027261, 3.230694, 2.478006
1416115804.177261, 3.230694, 2.639296
1416115804.290186, 3.211144, 2.521994
1416115804.440566, 3.230694, 2.297165
1416115804.590279, 3.235582, 2.673509
1416115804.777468, 3.235582, 2.595308
1416115804.927336, 3.235582, 2.614858
1416115805.077225, 3.240469, 2.453568
1416115805.227409, 3.245357, 2.189638
1416115805.378087, 3.333333, 1.436950
1416115805.490171, 3.216031, 3.176931
1416115805.677320, 3.235582, 2.453568
1416115805.827333, 3.235582, 2.565982
1416115805.940290, 3.211144, 2.536657
1416115806.090786, 3.230694, 2.287390
1416115806.240545, 3.230694, 2.595308
1416115806.428915, 3.230694, 2.619746
1416115806.577731, 3.230694, 2.624633
1416115806.727792, 3.230694, 2.448680
1416115806.877395, 3.230694, 2.170088
1416115807.027486, 3.323558, 1.549365
1416115807.140651, 3.201369, 3.220919
1416115807.328045, 3.225806, 2.331378
1416115807.477516, 3.225806, 2.614858
1416115807.590409, 3.206256, 2.507331
1416115807.740321, 3.225806, 2.033236
1416115807.890241, 3.225806, 2.600196
1416115808.077557, 3.225806, 2.590420
1416115808.227451, 3.230694, 2.512219
1416115808.377843, 3.235582, 2.561095
1416115808.527451, 3.235582, 2.478006
1416115808.677828, 3.367546, 1.593353
1416115808.790632, 3.216031, 3.132942
1416115808.977875, 3.230694, 2.497556
1416115809.127707, 3.235582, 2.497556
1416115809.240242, 3.211144, 2.473118
1416115809.390729, 3.230694, 2.316716
1416115809.541013, 3.230694, 2.624633
1416115809.727531, 3.235582, 2.693060
1416115809.877485, 3.240469, 2.585533
1416115810.027585, 3.250244, 2.478006
1416115810.177753, 3.250244, 2.438905
1416115810.327782, 3.372434, 1.554252
1416115810.440798, 3.225806, 3.299120
1416115810.627639, 3.250244, 2.394917
1416115810.777726, 3.245357, 2.697947
1416115810.890770, 3.220919, 2.575758
1416115811.040964, 3.235582, 2.360704
1416115811.190408, 3.230694, 2.693060
1416115811.378002, 3.225806, 2.595308
1416115811.527625, 3.225806, 2.649071
1416115811.677696, 3.225806, 2.580645
1416115811.827897, 3.230694, 2.223851
1416115811.978179, 3.313783, 1.593353
1416115812.090499, 3.196481, 3.216031
1416115812.277695, 3.211144, 2.468231
1416115812.428018, 3.206256, 2.693060
1416115812.540339, 3.186706, 2.570870
1416115812.690529, 3.206256, 2.355816
1416115812.840597, 3.206256, 2.668622
1416115813.027770, 3.206256, 2.546432
1416115813.178197, 3.211144, 2.590420
1416115813.327762, 3.216031, 2.585533
1416115813.477075, 3.216031, 2.448680
1416115813.627788, 3.352884, 1.515152
1416115813.740311, 3.191593, 3.250244
1416115813.927351, 3.211144, 2.409580
1416115814.076925, 3.211144, 2.629521
1416115814.189589, 3.191593, 2.600196
1416115814.340385, 3.211144, 2.414467
1416115814.490479, 3.216031, 2.702835
1416115814.677161, 3.216031, 2.712610
1416115814.826773, 3.216031, 2.609971
1416115814.977125, 3.220919, 2.507331
1416115815.126743, 3.225806, 2.453568
1416115815.277401, 3.328446, 1.637341
1416115815.389962, 3.201369, 3.118280
1416115815.577098, 3.216031, 2.551320
1416115815.726827, 3.216031, 2.639296
1416115815.877171, 3.216031, 2.541544
1416115815.991496, 3.186706, 3.499511
1416115816.140422, 3.216031, 2.482893
1416115816.327042, 3.220919, 2.741935
1416115816.477319, 3.230694, 2.693060
1416115816.627460, 3.235582, 2.644184
1416115816.777332, 3.245357, 2.429130
1416115816.927392, 3.367546, 1.608016
1416115817.039683, 3.220919, 3.186706
1416115817.226755, 3.245357, 2.473118
1416115817.377143, 3.245357, 2.634409
1416115817.490036, 3.220919, 2.507331
1416115817.640790, 3.240469, 2.438905
1416115817.789690, 3.240469, 2.844575
1416115817.976822, 3.240469, 2.678397
1416115818.127448, 3.240469, 2.600196
1416115818.277790, 3.245357, 2.512219
1416115818.427177, 3.245357, 2.521994
1416115818.577078, 3.362659, 1.686217
1416115818.690151, 3.216031, 3.108504
1416115818.879140, 3.235582, 2.478006
1416115819.064424, 3.235582, 2.551320
1416115819.140224, 3.211144, 2.316716
1416115819.291216, 3.225806, 2.267840
1416115819.439924, 3.201369, 3.137830
1416115819.552959, 3.201369, 2.458456
1416115819.705299, 3.216031, 2.243402
1416115819.853192, 3.216031, 2.668622
1416115820.039632, 3.216031, 2.854350
1416115820.189655, 3.216031, 2.776149
1416115820.339888, 3.220919, 2.629521
1416115820.490708, 3.216031, 2.390029
1416115820.640108, 3.352884, 1.617791
1416115820.752397, 3.191593, 3.206256
1416115821.090262, 3.211144, 2.600196
1416115821.202454, 3.191593, 2.590420
1416115821.352994, 3.206256, 2.341153
1416115821.502762, 3.220919, 2.815249
1416115821.690151, 3.220919, 2.546432
1416115821.840291, 3.225806, 2.712610
1416115821.990976, 3.230694, 2.556207
1416115822.139631, 3.225806, 2.365591
1416115822.327893, 3.313783, 1.568915
1416115822.403027, 3.206256, 3.162268
